4e96f4e13e43de0001004fdd
529c4b09139b21cdd4000250
557c893f7261692b8c0001eb
525c0e2a8b3b816a870003c5
524c6fbe8b3b811f42000421
53208af2b202a3a1f900003c
506b33134466170002000254
4f20563c17014f0001000399
535842f6c9dc246615000165
4e1620155ee1940001000006
52f16a0e8b3b81a5b3000022
53e0f86b7261692d77b90000
54ef8aef7261694c895b0300
4f552b2e3b55524170000003
554a78d87261692b00710400
60 0 0 0
0 -- 0 -- 0
60 1 1 1
1 -- 1 -- 1
60 2 2 1
1 -- 1 -- 1
60 3 3 2
2 -- 2 -- 2
60 4 4 3
3 -- 3 -- 3
60 5 5 5
5 -- 5 -- 5
60 6 6 8
8 -- 1 -- 1
60 7 7 13
13 -- 6 -- 6
60 8 8 21
21 -- 0 -- 0
60 9 9 34
34 -- 6 -- 6
60 10 10 55
55 -- 6 -- 6
60 11 11 89
89 -- 5 -- 5
60 12 12 44
144 -- 4 -- 2
60 13 13 33
233 -- 2 -- 5
60 14 14 77
377 -- 6 -- 0
60 15 15 10
610 -- 1 -- 3
60 16 16 87
987 -- 0 -- 3
60 17 17 97
1597 -- 1 -- 6
60 18 18 84
2584 -- 1 -- 0
60 19 19 81
4181 -- 2 -- 4
60 20 20 65
6765 -- 3 -- 2
60 21 21 46
10946 -- 5 -- 4
60 22 22 11
17711 -- 1 -- 4
60 23 23 57
28657 -- 6 -- 1
60 24 24 68
46368 -- 0 -- 5
60 25 25 25
75025 -- 6 -- 4
60 26 26 93
121393 -- 6 -- 2
60 27 27 18
196418 -- 5 -- 4
60 28 28 11
317811 -- 4 -- 4
60 29 29 29
514229 -- 2 -- 1
60 30 30 40
832040 -- 6 -- 5
60 31 31 69
1346269 -- 1 -- 6
60 32 32 9
2178309 -- 0 -- 2
60 33 33 78
3524578 -- 1 -- 1
60 34 34 87
5702887 -- 1 -- 3
60 35 35 65
9227465 -- 2 -- 2
60 36 36 52
14930352 -- 3 -- 3
60 37 37 17
24157817 -- 5 -- 3
60 38 38 69
39088169 -- 1 -- 6
60 39 39 86
63245986 -- 6 -- 2
60 40 40 55
102334155 -- 0 -- 6
60 41 41 41
165580141 -- 6 -- 6
60 42 42 96
267914296 -- 6 -- 5
60 43 43 37
433494437 -- 5 -- 2
60 44 44 33
701408733 -- 4 -- 5
60 45 45 70
1134903170 -- 2 -- 0
60 46 46 3
1836311903 -- 6 -- 3
60 47 47 73
2971215073 -- 1 -- 3
60 48 48 76
4807526976 -- 0 -- 6
60 49 49 49
7778742049 -- 1 -- 0
60 50 50 25
12586269025 -- 1 -- 4
60 51 51 74
20365011074 -- 2 -- 4
60 52 52 99
32951280099 -- 3 -- 1
60 53 53 73
53316291173 -- 5 -- 3
60 54 54 72
86267571272 -- 1 -- 2
60 55 55 45
139583862445 -- 6 -- 3
60 56 56 17
225851433717 -- 0 -- 3
60 57 57 62
365435296162 -- 6 -- 6
60 58 58 79
591286729879 -- 6 -- 2
60 59 59 41
956722026041 -- 5 -- 6
60 60 0 0
1548008755920 -- 4 -- 0
60 61 1 1
2504730781961 -- 2 -- 1
60 62 2 1
4052739537881 -- 6 -- 1
60 63 3 2
6557470319842 -- 1 -- 2
60 64 4 3
10610209857723 -- 0 -- 3
60 65 5 5
17167680177565 -- 1 -- 5
60 66 6 8
27777890035288 -- 1 -- 1
60 67 7 13
44945570212853 -- 2 -- 6
60 68 8 21
72723460248141 -- 3 -- 0
60 69 9 34
117669030460994 -- 5 -- 6
60 70 10 55
190392490709135 -- 1 -- 6
60 71 11 89
308061521170129 -- 6 -- 5
60 72 12 44
498454011879264 -- 0 -- 2
60 73 13 33
806515533049393 -- 6 -- 5
60 74 14 77
1304969544928657 -- 6 -- 0
60 75 15 10
2111485077978050 -- 5 -- 3
60 76 16 87
3416454622906707 -- 4 -- 3
60 77 17 97
5527939700884757 -- 2 -- 6
60 78 18 84
8944394323791464 -- 6 -- 0
60 79 19 81
14472334024676221 -- 1 -- 4
60 80 20 65
23416728348467685 -- 0 -- 2
60 81 21 46
37889062373143906 -- 1 -- 4
60 82 22 11
61305790721611591 -- 1 -- 4
60 83 23 57
99194853094755497 -- 2 -- 1
60 84 24 68
160500643816367088 -- 3 -- 5
60 85 25 25
259695496911122585 -- 5 -- 4
60 86 26 93
420196140727489673 -- 1 -- 2
60 87 27 18
679891637638612258 -- 6 -- 4
60 88 28 11
1100087778366101931 -- 0 -- 4
60 89 29 29
1779979416004714189 -- 6 -- 1
60 90 30 40
2880067194370816120 -- 6 -- 5
60 91 31 69
4660046610375530309 -- 5 -- 6
60 92 32 9
7540113804746346429 -- 4 -- 2
60 93 33 78
12200160415121876738 -- 2 -- 1
60 94 34 87
19740274219868223167 -- 6 -- 3
60 95 35 65
31940434634990099905 -- 1 -- 2
60 96 36 52
51680708854858323072 -- 0 -- 3
60 97 37 17
83621143489848422977 -- 1 -- 3
60 98 38 69
135301852344706746049 -- 1 -- 6
60 99 39 86
218922995834555169026 -- 2 -- 2